time,env_temperature,env_pressure,altitude,env_humidity,env_co2
0.0,28.0,977.3,310.33,25.35,600
1.0,28.0,977.35,309.44,25.78,600
2.0,28.01,977.26,310.26,25.81,600
3.0,28.0,977.35,309.51,25.18,600
4.0,28.02,977.31,309.78,25.74,600
5.0,28.01,977.31,309.78,25.76,600
6.0,28.01,977.33,309.61,26.02,600
7.0,28.01,977.31,309.92,25.5,600
8.0,28.0,977.3,309.92,25.75,600
9.0,28.0,977.32,309.75,25.4,600
10.0,28.0,977.24,309.99,26.3,600
11.0,27.99,977.34,309.58,25.76,600
12.0,28.0,977.29,309.99,26.0,600
13.0,28.0,977.3,310.54,25.54,600
14.0,27.99,977.28,310.06,25.81,600
15.0,28.0,977.29,309.99,25.86,600
16.0,27.99,977.28,310.06,26.62,600
17.0,27.99,977.27,310.13,25.85,600
18.0,28.0,977.29,309.99,25.87,600
19.0,27.99,977.28,310.06,26.51,600
20.0,28.0,977.27,310.16,25.83,600
21.0,27.99,977.25,310.3,25.87,600
22.0,28.0,977.24,310.4,25.9,600
23.0,28.0,977.3,309.85,25.65,608
24.0,28.0,977.28,310.06,25.69,608
25.0,28.0,977.3,309.92,25.8,608
26.0,28.01,977.29,310.02,26.28,608
27.0,28.01,977.31,309.78,25.59,608
28.0,28.01,977.31,309.78,25.85,608
29.0,28.01,977.31,309.78,24.94,608
30.0,28.01,977.33,309.68,25.94,608
31.0,27.99,977.28,310.06,25.92,608
32.0,27.99,977.34,309.58,25.49,608
33.0,27.98,977.3,309.89,25.83,608
34.0,27.99,977.34,309.58,25.88,608
35.0,27.98,977.32,309.72,25.89,608
36.0,27.99,977.28,310.06,26.02,608
37.0,27.99,977.23,310.54,25.87,608
38.0,28.0,977.29,309.99,25.85,608
39.0,28.0,977.38,309.21,25.67,608
40.0,28.0,977.35,310.23,25.84,608
41.0,27.98,977.27,310.2,25.79,608
42.0,27.99,977.23,310.54,25.79,608
43.0,27.98,977.27,310.2,25.86,608
44.0,27.99,977.34,309.58,25.94,608
45.0,27.99,977.34,309.58,25.77,608
46.0,27.98,977.27,310.2,25.04,608
47.0,27.99,977.34,309.58,25.76,608
48.0,27.98,977.29,309.96,25.77,608
49.0,27.99,977.28,310.06,26.31,608
50.0,27.97,977.26,309.96,25.87,608
51.0,27.98,977.27,310.13,25.81,608
52.0,27.99,977.31,309.82,25.75,608
53.0,28.0,977.26,309.99,25.5,608
54.0,28.0,977.3,309.92,25.58,606
55.0,28.0,977.35,309.44,25.69,606
56.0,28.0,977.37,309.27,25.7,606
57.0,27.99,977.28,310.06,26.44,606
58.0,28.0,977.3,309.92,25.8,606
59.0,27.99,977.28,310.06,25.75,606
60.0,27.99,977.28,310.06,25.75,606
61.0,27.99,977.28,309.99,25.79,606
62.0,28.0,977.33,309.68,25.76,606
63.0,28.0,977.21,310.64,25.69,606
64.0,28.01,977.22,310.57,25.48,606
65.0,28.0,977.24,310.4,25.65,606
66.0,28.01,977.31,309.78,25.81,606
67.0,28.0,977.33,309.68,25.83,606
68.0,28.01,977.28,310.09,25.71,606
69.0,28.0,977.27,310.16,25.36,606
70.0,28.0,977.24,310.4,25.86,606
71.0,27.99,977.25,310.3,25.72,606
72.0,28.0,977.27,310.16,26.24,606
73.0,28.0,977.3,309.92,26.07,606
74.0,28.0,977.23,310.47,25.74,606
75.0,28.0,977.24,310.4,25.71,606
76.0,28.01,977.26,310.74,25.22,606
77.0,28.01,977.28,310.09,25.48,606
78.0,28.01,977.26,310.26,25.61,606
79.0,28.0,977.27,310.4,25.7,606
80.0,28.0,977.28,310.09,25.61,606
81.0,28.0,977.26,310.23,25.66,606
82.0,28.01,977.26,310.26,25.34,606
83.0,28.0,977.24,310.26,25.7,606
84.0,28.0,977.27,310.16,25.73,606
85.0,28.0,977.23,310.47,24.9,608
86.0,28.0,977.3,309.92,25.84,608
87.0,27.99,977.28,309.58,25.86,608
88.0,28.0,977.3,309.92,25.76,608
89.0,28.01,977.26,310.26,24.99,608
90.0,28.01,977.26,310.26,25.83,608
91.0,28.0,977.3,309.92,25.74,608
92.0,28.0,977.3,309.92,25.99,608
93.0,27.99,977.34,309.85,25.22,608
94.0,28.0,977.24,310.4,25.71,608
95.0,28.01,977.33,309.61,25.74,608
96.0,28.01,977.26,310.5,26.18,608
97.0,28.01,977.24,310.4,25.58,608
98.0,28.0,977.33,309.68,25.77,608
99.0,28.01,977.31,309.85,25.61,608
100.0,28.01,977.31,309.85,25.74,608
101.0,28.01,977.23,310.5,25.74,608
102.0,28.0,977.3,309.92,25.51,608
103.0,28.02,977.29,310.02,25.74,608
104.0,28.02,977.19,310.84,25.65,608
105.0,28.02,977.22,310.6,25.86,608
106.0,28.02,977.33,309.64,25.92,608
107.0,28.02,977.3,309.88,25.65,608
108.0,28.02,977.3,309.88,25.2,608
109.0,28.03,977.23,310.67,25.97,608
110.0,28.02,977.27,310.19,25.69,608
111.0,28.01,977.31,309.78,25.69,608
112.0,28.02,977.24,310.19,25.72,608
113.0,28.02,977.31,309.81,25.55,608
114.0,28.01,977.26,310.26,25.78,608
115.0,28.01,977.26,310.26,25.23,608
116.0,28.02,977.27,310.19,26.21,608
117.0,28.01,977.26,310.74,25.76,608
118.0,28.01,977.23,310.5,25.76,608
119.0,28.01,977.26,310.26,25.77,608
120.0,28.01,977.31,310.33,25.58,608
121.0,28.01,977.29,310.02,25.92,608
122.0,28.01,977.26,310.26,25.79,608
123.0,28.0,977.24,310.33,25.86,608
124.0,28.0,977.27,310.16,25.79,608
125.0,28.0,977.27,310.16,25.79,608
126.0,27.99,977.23,310.54,25.96,608
127.0,28.0,977.21,310.64,25.75,608
128.0,28.01,977.26,310.26,25.78,608
129.0,28.01,977.28,310.09,25.85,608
130.0,28.0,977.23,310.47,25.84,608
131.0,28.0,977.19,310.88,25.76,608
132.0,28.0,977.24,310.4,25.83,608
133.0,27.99,977.23,310.54,25.94,608
134.0,28.0,977.24,310.4,25.81,608
135.0,27.99,977.31,309.82,25.36,608
136.0,28.0,977.24,310.06,26.46,608
137.0,27.99,977.23,310.54,25.82,608
138.0,28.0,977.26,310.23,25.83,608
139.0,27.99,977.34,309.58,25.55,608
140.0,27.98,977.27,310.13,25.83,608
141.0,27.98,977.27,310.13,25.82,608
142.0,27.99,977.25,310.3,25.48,608
143.0,27.99,977.28,310.06,26.14,608
144.0,27.99,977.23,310.54,25.81,608
145.0,27.99,977.28,310.06,25.81,608
146.0,27.98,977.27,310.2,26.3,608
147.0,27.98,977.27,310.2,25.76,610
148.0,27.98,977.24,310.44,25.82,610
149.0,27.97,977.15,311.22,25.56,610
150.0,27.97,977.19,310.81,25.87,610
151.0,27.97,977.25,310.34,25.83,610
152.0,27.97,977.3,309.86,25.3,610
153.0,27.96,977.23,310.34,25.68,610
154.0,27.97,977.22,310.58,25.86,610
155.0,27.98,977.27,310.2,26.02,610
156.0,27.98,977.21,311.15,25.9,610
157.0,27.98,977.35,309.48,25.82,610
158.0,27.99,977.34,309.58,25.82,610
159.0,27.97,977.31,310.27,25.31,610
160.0,27.98,977.32,309.72,25.81,610
161.0,27.98,977.25,310.37,25.78,610
162.0,27.98,977.29,309.96,26.19,610
163.0,27.98,977.27,310.2,25.92,610
164.0,27.98,977.27,310.2,25.77,610
165.0,27.98,977.16,311.09,25.76,610
166.0,27.97,977.15,310.27,26.19,610
167.0,28.0,977.31,309.82,25.5,610
168.0,27.99,977.34,309.58,25.73,610
169.0,27.98,977.21,309.96,25.31,610
170.0,27.99,977.21,310.68,25.88,610
171.0,27.98,977.21,310.68,25.71,610
172.0,27.98,977.27,310.2,25.29,610
173.0,27.99,977.23,310.61,25.63,610
174.0,27.98,977.22,310.61,25.61,610
175.0,27.98,977.22,310.61,25.57,610
176.0,27.98,977.15,310.2,25.59,610
177.0,27.99,977.23,310.54,25.75,603
178.0,27.99,977.31,309.82,25.57,603
179.0,27.97,977.2,310.75,24.94,603
180.0,27.98,977.24,310.3,25.91,603
181.0,28.0,977.21,310.64,25.51,603
182.0,28.0,977.27,310.16,25.19,603
183.0,28.0,977.24,310.4,25.93,603
184.0,28.0,977.29,309.99,25.62,603
185.0,27.99,977.25,310.3,25.65,603
186.0,27.98,977.22,310.06,26.1,603
187.0,27.99,977.25,310.3,25.65,603
188.0,28.0,977.23,310.47,25.7,603
189.0,27.99,977.31,309.82,25.03,603
190.0,27.99,977.28,310.06,25.53,603
191.0,27.99,977.28,310.06,25.64,603
192.0,27.98,977.25,310.37,25.93,603
193.0,27.98,977.31,309.82,25.58,603
194.0,27.99,977.25,310.3,25.58,603
195.0,28.01,977.31,309.85,24.81,603
196.0,28.0,977.23,310.4,25.64,603
197.0,27.99,977.28,310.06,25.55,603
198.0,27.98,977.27,310.2,26.09,603
199.0,27.99,977.28,310.3,25.66,603
200.0,27.99,977.23,310.54,25.58,603
201.0,28.0,977.27,310.16,25.54,603
202.0,27.97,977.28,310.27,25.76,603
203.0,27.99,977.21,310.71,25.37,603
204.0,27.98,977.19,310.85,25.51,603
205.0,27.99,977.25,310.3,25.57,603
206.0,28.0,977.23,310.54,25.36,603
207.0,27.99,977.23,310.54,25.49,603
208.0,27.99,977.25,310.3,24.7,597
209.0,28.0,977.32,309.75,25.76,597
210.0,28.0,977.21,310.4,25.07,597
211.0,28.0,977.23,310.47,25.57,597
212.0,28.01,977.31,309.85,25.73,597
213.0,27.99,977.23,309.99,25.42,597
214.0,27.99,977.28,310.06,25.51,597
215.0,28.0,977.3,309.92,25.48,597
216.0,27.99,977.23,309.82,24.74,597
217.0,27.98,977.21,310.68,25.49,597
218.0,27.99,977.28,310.06,25.44,597
219.0,27.99,977.25,310.3,25.08,597
220.0,27.98,977.32,309.72,25.55,597
221.0,27.98,977.16,311.09,25.46,597
222.0,27.99,977.28,310.3,25.21,597
223.0,27.99,977.28,310.06,25.47,597
224.0,27.98,977.24,310.44,25.48,597
225.0,27.98,977.21,310.68,25.87,597
226.0,27.98,977.25,310.37,25.51,597
227.0,27.99,977.23,310.54,25.5,597
228.0,27.99,977.28,310.06,25.98,597
229.0,27.99,977.27,310.13,25.46,597
230.0,27.99,977.28,310.06,25.53,597
231.0,28.0,977.29,309.99,24.52,597
232.0,27.99,977.23,310.61,25.53,597
233.0,28.0,977.24,310.4,25.5,597
234.0,28.0,977.27,310.16,24.59,597
235.0,27.99,977.2,310.78,25.47,597
236.0,27.98,977.21,310.68,25.51,597
237.0,27.98,977.24,310.44,25.99,597
238.0,27.97,977.2,310.2,25.13,597
239.0,27.98,977.21,310.68,25.5,587
240.0,27.98,977.21,310.68,25.34,587
241.0,27.99,977.28,310.06,25.49,587
242.0,27.99,977.17,310.54,25.32,587
243.0,27.98,977.27,310.13,25.34,587
244.0,27.99,977.25,310.3,25.5,587
245.0,27.98,977.27,310.2,25.04,587
246.0,28.0,977.27,310.23,25.24,587
247.0,27.99,977.28,310.06,25.48,587
248.0,28.0,977.24,310.4,25.37,587
249.0,27.99,977.25,310.23,25.19,587
250.0,27.99,977.23,310.54,25.49,587
251.0,28.0,977.23,310.47,26.04,587
252.0,27.99,977.28,310.98,25.55,587
253.0,27.99,977.28,310.06,25.48,587
254.0,27.98,977.21,310.68,25.5,587
255.0,27.97,977.3,310.34,25.42,587
256.0,27.97,977.28,310.03,25.47,587
257.0,27.98,977.22,310.61,25.49,587
258.0,27.98,977.21,309.96,25.86,587
259.0,27.97,977.3,309.93,25.37,587
260.0,27.97,977.26,310.27,25.55,587
261.0,27.97,977.26,310.27,25.22,587
262.0,27.97,977.25,310.34,25.5,587
263.0,27.98,977.29,309.96,25.51,587
264.0,27.97,977.25,310.34,24.96,587
265.0,27.98,977.27,310.2,25.62,587
266.0,27.98,977.27,310.2,25.5,587
267.0,27.98,977.21,310.68,25.9,587
268.0,27.98,977.29,309.96,25.47,587
269.0,27.97,977.36,309.38,25.51,587
270.0,27.96,977.26,310.24,25.54,590
271.0,27.97,977.3,309.86,26.11,590
272.0,27.97,977.19,310.1,25.52,590
273.0,27.97,977.26,310.27,25.58,590
274.0,27.98,977.27,310.2,25.58,590
275.0,27.99,977.25,310.06,25.93,590
276.0,27.97,977.25,310.34,25.59,590
277.0,27.98,977.27,310.2,25.35,590
278.0,27.98,977.27,310.2,25.79,590
279.0,27.98,977.24,310.44,25.58,590
280.0,27.98,977.21,310.68,25.67,590
281.0,27.98,977.27,310.13,25.23,590
282.0,27.98,977.24,310.44,25.51,590
283.0,27.98,977.21,310.68,25.52,590
284.0,27.99,977.23,310.54,25.39,590
285.0,27.99,977.23,310.54,25.35,590
286.0,28.0,977.24,310.4,25.53,590
287.0,28.0,977.23,310.23,25.37,590
288.0,27.99,977.35,309.51,25.49,590
289.0,27.99,977.28,310.06,25.63,590
290.0,28.0,977.27,310.16,25.55,590
291.0,27.99,977.23,310.68,25.78,590
292.0,27.99,977.28,310.06,25.64,590
293.0,27.99,977.25,310.3,25.63,590
294.0,28.01,977.25,310.81,25.1,590
295.0,28.0,977.21,310.71,25.46,590
296.0,28.01,977.25,310.33,25.54,590
297.0,28.02,977.27,310.19,25.62,590
298.0,28.02,977.24,310.36,25.54,590
299.0,28.01,977.31,309.85,25.57,590
300.0,28.01,977.2,310.74,26.15,590
301.0,28.01,977.29,310.02,25.61,593
302.0,28.01,977.31,310.74,25.38,593
303.0,28.0,977.24,310.4,25.59,593
304.0,28.0,977.27,310.16,25.58,593
305.0,28.01,977.26,310.26,25.62,593
306.0,28.01,977.19,310.81,26.11,593
307.0,28.01,977.17,310.98,25.59,593
308.0,28.02,977.33,309.64,25.9,593
309.0,28.01,977.26,309.78,26.34,593
310.0,28.01,977.31,309.78,25.61,593
311.0,28.01,977.26,310.26,25.76,593
312.0,28.01,977.17,310.98,25.92,593
313.0,28.01,977.25,310.26,25.51,593
314.0,28.01,977.26,310.26,25.74,593
315.0,28.0,977.27,310.16,25.15,593
316.0,28.01,977.26,310.88,25.81,593
317.0,28.01,977.25,310.33,25.89,593
318.0,28.0,977.19,310.88,25.96,593
319.0,27.99,977.28,310.06,25.44,593
320.0,28.0,977.24,310.4,25.87,593
321.0,27.98,977.16,311.09,25.99,593
322.0,28.01,977.25,310.33,25.99,593
323.0,28.0,977.24,310.47,25.87,593
324.0,28.0,977.16,311.12,26.02,593
325.0,27.99,977.23,310.54,26.06,593
326.0,27.99,977.23,310.54,25.85,593
327.0,27.98,977.28,310.06,26.18,593
328.0,27.99,977.28,310.06,26.06,593
329.0,28.0,977.29,309.99,25.97,593
330.0,28.0,977.23,310.54,26.59,593
331.0,28.0,977.24,310.4,26.01,593
332.0,27.99,977.23,310.54,25.86,593
333.0,27.98,977.3,309.89,25.75,593
334.0,27.98,977.21,310.68,25.8,593
335.0,27.98,977.27,310.06,25.65,593
336.0,27.99,977.25,310.3,25.68,593
337.0,27.99,977.23,310.54,25.65,593
338.0,27.98,977.24,310.68,25.35,593
339.0,27.98,977.27,310.13,25.75,593
340.0,27.98,977.22,310.61,25.62,593
341.0,27.97,977.09,311.7,25.8,593
342.0,27.98,977.25,310.44,25.59,593
343.0,27.98,977.27,310.2,25.58,593
344.0,27.98,977.27,310.2,25.59,593
345.0,27.97,977.23,310.03,25.66,593
346.0,27.98,977.27,310.2,25.39,593
347.0,27.98,977.27,310.2,25.56,593
348.0,27.97,977.26,310.27,25.8,593
349.0,27.97,977.19,310.58,25.95,593
350.0,27.97,977.17,311.05,25.62,593
351.0,27.97,977.26,310.27,25.61,593
352.0,27.97,977.25,310.34,26.23,593
353.0,27.98,977.25,310.3,25.72,593
354.0,27.97,977.26,310.27,25.58,593
355.0,27.97,977.19,310.81,25.95,593
356.0,27.96,977.19,310.71,25.82,593
357.0,27.97,977.2,310.75,25.69,593
358.0,27.98,977.32,309.72,25.65,593
359.0,27.98,977.24,310.44,25.82,593
360.0,27.98,977.21,310.68,25.63,593
361.0,27.97,977.23,310.51,25.65,593
362.0,27.98,977.21,309.96,25.5,593
363.0,27.99,977.28,310.06,25.73,590
364.0,27.98,977.28,310.06,25.71,590
365.0,27.99,977.23,310.54,25.65,590
366.0,27.98,977.21,310.68,25.41,590
367.0,27.98,977.27,310.2,25.34,590
368.0,27.97,977.26,310.27,25.65,590
369.0,27.98,977.27,310.2,25.64,590
370.0,27.98,977.27,310.2,25.49,590
371.0,27.99,977.23,310.54,25.75,590
372.0,27.98,977.16,311.09,25.65,590
373.0,27.99,977.23,310.54,26.55,590
374.0,28.0,977.23,310.54,25.93,590
375.0,27.98,977.22,310.61,25.66,590
376.0,28.0,977.24,310.4,25.06,590
377.0,28.0,977.3,310.26,25.8,590
378.0,28.01,977.26,310.26,25.73,590
379.0,28.01,977.26,310.26,25.77,590
380.0,28.0,977.24,310.19,25.98,590
381.0,28.02,977.25,310.36,25.79,590
382.0,28.01,977.23,310.5,25.85,590
383.0,28.01,977.31,310.26,25.67,590
384.0,28.01,977.23,310.5,25.97,590
385.0,28.0,977.26,310.23,25.83,590
386.0,28.0,977.3,310.4,25.76,590
387.0,28.01,977.27,310.12,26.06,590
388.0,27.99,977.23,310.54,25.78,590
389.0,28.0,977.29,309.99,26.2,590
390.0,28.01,977.23,310.5,25.97,590
391.0,28.01,977.2,310.74,25.78,590
392.0,28.0,977.3,309.92,25.49,590
393.0,28.0,977.24,310.33,25.8,590
394.0,28.0,977.3,309.92,25.76,581
395.0,28.02,977.22,310.6,25.76,581
396.0,28.01,977.23,310.5,25.74,581
397.0,28.01,977.22,309.61,25.56,581
398.0,28.01,977.23,310.5,25.69,581
399.0,28.0,977.19,310.88,25.74,581
400.0,28.01,977.26,310.09,25.25,581
401.0,28.0,977.24,310.4,25.73,581
402.0,28.01,977.19,310.81,25.93,581
403.0,28.01,977.23,310.5,25.52,581
404.0,28.01,977.23,310.5,25.69,581
405.0,28.01,977.26,310.26,25.7,581
406.0,28.02,977.18,310.19,25.73,581
407.0,28.03,977.29,309.98,25.7,581
408.0,28.01,977.26,310.26,25.69,581
409.0,28.02,977.3,309.17,25.84,581
410.0,28.01,977.26,310.26,25.62,581
411.0,28.01,977.26,310.26,25.66,581
412.0,28.01,977.25,310.33,25.24,581
413.0,28.01,977.26,310.26,25.38,581
414.0,28.01,977.34,309.54,25.63,581
415.0,28.02,977.27,310.12,25.35,581
416.0,28.01,977.26,310.4,25.84,581
417.0,28.02,977.27,310.19,25.63,581
418.0,28.01,977.2,310.74,26.01,581
419.0,28.01,977.29,310.02,25.63,581
420.0,28.01,977.25,310.33,25.69,581
421.0,28.02,977.22,310.6,25.68,581
422.0,28.01,977.29,309.78,25.79,581
423.0,28.02,977.27,310.19,25.59,581
424.0,28.02,977.22,310.6,25.63,581
425.0,28.02,977.24,310.43,25.85,586
426.0,28.02,977.27,310.12,26.14,586
427.0,28.01,977.35,309.5,25.55,586
428.0,28.02,977.22,310.6,25.57,586
429.0,28.01,977.26,310.26,25.58,586
430.0,28.02,977.22,310.12,25.98,586
431.0,28.03,977.29,309.98,25.47,586
432.0,28.02,977.27,310.12,25.54,586
433.0,28.03,977.23,310.46,25.62,586
434.0,28.03,977.23,310.53,25.18,586
435.0,28.02,977.27,310.19,25.51,586
436.0,28.03,977.28,310.05,25.71,586
437.0,28.02,977.3,309.88,25.49,586
438.0,28.02,977.25,310.36,25.45,586
439.0,28.03,977.23,310.53,25.68,586
440.0,28.02,977.25,310.43,25.33,586
441.0,28.02,977.25,310.36,25.42,586
442.0,28.03,977.23,310.46,25.36,586
443.0,28.03,977.28,310.12,25.28,586
444.0,28.02,977.27,310.12,25.46,586
445.0,28.02,977.25,310.36,25.71,586
446.0,28.02,977.22,310.53,25.46,586
447.0,28.03,977.23,310.53,25.43,586
448.0,28.02,977.27,310.12,26.08,586
449.0,28.03,977.26,310.7,25.51,586
450.0,28.03,977.23,310.46,25.41,586
451.0,28.03,977.29,309.98,25.41,586
452.0,28.03,977.34,309.58,25.68,586
453.0,28.02,977.16,311.08,25.38,586
454.0,28.03,977.29,309.98,25.46,586
455.0,28.02,977.3,309.88,24.9,586
456.0,28.01,977.29,309.95,25.53,583
457.0,28.02,977.27,310.12,25.72,583
458.0,28.02,977.27,310.12,25.46,583
459.0,28.02,977.29,309.95,24.78,583
460.0,28.01,977.2,310.74,25.35,583
461.0,28.01,977.26,310.26,25.49,583
462.0,28.02,977.22,310.6,26.05,583
463.0,28.03,977.21,310.77,25.7,583
464.0,28.03,977.29,309.98,25.49,583
465.0,28.03,977.23,310.46,25.33,583
466.0,28.04,977.23,310.46,25.55,583
467.0,28.03,977.21,310.7,25.48,583
468.0,28.04,977.27,310.15,25.08,583
469.0,28.03,977.23,309.98,25.69,583
470.0,28.03,977.28,310.05,25.45,583
471.0,28.04,977.27,310.15,25.43,583
472.0,28.02,977.27,310.6,25.37,583
473.0,28.03,977.16,311.08,25.35,583
474.0,28.04,977.31,309.85,25.43,583
475.0,28.05,977.23,310.49,25.37,583
476.0,28.05,977.29,310.02,25.43,583
477.0,28.04,977.24,310.39,25.44,583
478.0,28.04,977.24,310.39,25.55,583
479.0,28.04,977.21,310.66,25.22,583
480.0,28.06,977.22,310.59,25.44,583
481.0,28.05,977.21,310.66,26.15,583
482.0,28.06,977.34,309.71,25.59,583
483.0,28.07,977.18,310.93,25.5,583
484.0,28.06,977.23,310.53,25.53,583
485.0,28.05,977.24,310.38,25.75,583
486.0,28.07,977.24,310.46,25.63,583
487.0,28.06,977.17,311.0,25.46,582
488.0,28.08,977.2,310.73,25.28,582
489.0,28.07,977.19,310.86,25.68,582
490.0,28.06,977.23,310.53,25.65,582
491.0,28.07,977.24,310.38,25.61,582
492.0,28.07,977.24,309.91,26.23,582
493.0,28.08,977.32,309.77,25.55,582
494.0,28.08,977.28,310.08,25.57,582
495.0,28.07,977.3,309.91,25.94,582
496.0,28.08,977.26,310.25,25.62,582
497.0,28.08,977.26,310.25,25.57,582
498.0,28.08,977.31,309.84,25.86,582
499.0,28.07,977.35,310.46,25.74,582
500.0,28.07,977.24,310.38,25.66,582
501.0,28.08,977.2,310.73,25.6,582
502.0,28.07,977.19,310.25,25.97,582
503.0,28.08,977.26,310.25,25.64,582
504.0,28.09,977.24,310.42,25.6,582
505.0,28.08,977.26,310.25,25.28,582
506.0,28.08,977.29,310.01,25.5,582
507.0,28.08,977.2,310.73,25.57,582
508.0,28.08,977.26,310.25,25.35,582
509.0,28.09,977.21,310.66,25.47,582
510.0,28.08,977.2,310.73,25.58,582
511.0,28.08,977.2,310.73,25.66,582
512.0,28.08,977.2,310.38,25.82,582
513.0,28.08,977.23,310.49,25.52,582
514.0,27.15,975.79,322.86,25.64,582
515.0,28.08,977.15,311.18,25.96,582
516.0,28.07,977.16,311.1,25.57,582
517.0,28.08,977.23,310.49,25.51,582
518.0,28.07,977.19,311.0,25.54,576
519.0,28.06,977.17,310.86,25.75,576
520.0,28.03,977.11,311.49,25.59,576
521.0,28.05,977.16,311.14,25.96,576
522.0,28.06,977.17,311.0,25.49,576
523.0,28.07,977.24,310.38,25.72,576
524.0,28.06,977.23,310.53,25.21,576
525.0,28.06,977.22,310.59,25.89,576
526.0,28.06,977.17,311.0,25.67,576
527.0,28.07,977.22,310.62,25.73,576
528.0,28.06,977.17,310.76,25.35,576
529.0,28.06,977.21,310.66,25.86,576
530.0,28.05,977.16,311.14,25.73,576
531.0,28.04,977.25,310.32,25.85,576
532.0,28.04,977.25,310.18,25.86,576
533.0,28.03,977.18,310.94,25.72,576
534.0,28.05,977.24,310.42,25.39,576
535.0,28.06,977.2,310.18,25.64,576
536.0,28.06,977.2,310.76,25.65,576
537.0,28.06,977.22,310.59,25.62,576
538.0,28.06,977.28,310.05,25.37,576
539.0,28.07,977.24,310.46,25.57,576
540.0,28.08,977.31,309.84,25.57,576
541.0,28.06,977.23,310.53,25.58,576
542.0,28.06,977.19,310.7,25.35,576
543.0,28.06,977.28,310.05,25.59,576
544.0,28.07,977.24,310.46,25.26,576
545.0,28.07,977.22,311.1,25.55,576
546.0,28.08,977.26,310.25,25.47,576
547.0,28.07,977.24,310.46,25.65,576
548.0,28.08,977.26,310.25,25.78,576
549.0,28.08,977.2,310.73,25.97,576
550.0,28.07,977.17,311.03,25.44,576
551.0,28.07,977.22,310.62,25.62,576
552.0,28.06,977.28,310.76,25.07,576
553.0,28.06,977.16,311.1,25.67,576
554.0,28.08,977.25,310.32,25.6,576
555.0,28.08,977.23,310.49,25.91,576
556.0,28.07,977.24,310.38,25.67,576
557.0,28.07,977.21,310.7,25.59,576
558.0,28.07,977.18,310.93,25.17,576
559.0,28.06,977.26,310.29,25.63,576
560.0,28.07,977.22,310.62,25.63,576
561.0,28.06,977.17,311.0,25.49,576
562.0,28.06,977.23,310.9,25.9,576
563.0,28.06,977.28,310.05,25.67,576
564.0,28.05,977.21,310.66,25.6,576
565.0,28.06,977.19,310.83,25.68,576
566.0,28.05,977.16,311.14,26.03,576
567.0,28.04,977.19,310.59,25.49,576
568.0,28.05,977.2,310.73,25.69,576
569.0,28.03,977.23,310.46,25.69,576
570.0,28.05,977.21,310.66,25.38,576
571.0,28.05,977.16,311.28,25.87,576
572.0,28.03,977.21,310.7,25.68,576
573.0,28.03,977.17,311.01,25.15,576
574.0,28.03,977.18,310.7,26.09,576
575.0,28.02,977.21,310.67,25.69,576
576.0,28.02,977.21,310.67,25.67,576
577.0,28.03,977.23,310.46,26.1,576
578.0,28.02,977.15,311.15,25.8,576
579.0,28.03,977.23,310.46,25.7,576
580.0,28.03,977.17,311.01,25.91,575
581.0,28.01,977.15,311.22,25.38,575
582.0,28.01,977.2,310.6,25.69,575
583.0,28.01,977.26,310.26,25.71,575
584.0,28.01,977.26,310.26,25.72,575
585.0,28.01,977.2,310.26,25.98,575
586.0,28.01,977.23,310.5,25.72,575
587.0,28.02,977.24,310.43,25.72,575
588.0,28.02,977.27,310.33,25.35,575
589.0,28.01,977.23,310.5,25.75,575
590.0,28.02,977.18,310.91,25.75,575
591.0,28.01,977.2,310.74,25.78,575
592.0,28.01,977.23,310.5,25.76,575
593.0,28.02,977.15,311.15,25.74,575
594.0,28.02,977.27,310.12,25.19,575
595.0,28.0,977.19,310.81,25.85,575
596.0,28.0,977.13,311.36,25.73,575
597.0,28.0,977.3,309.92,25.35,575
598.0,28.01,977.2,310.78,25.38,575
599.0,28.0,977.16,311.12,25.76,575
600.0,28.02,977.15,311.15,25.74,575
601.0,28.0,977.24,310.4,25.75,575
602.0,28.01,977.2,310.74,25.63,575
603.0,28.01,977.15,311.22,25.7,575
604.0,28.01,977.23,310.5,26.22,575
605.0,28.02,977.22,310.67,25.63,575
606.0,28.01,977.2,310.74,25.73,575
607.0,28.01,977.2,310.74,26.12,575
608.0,28.01,977.14,310.98,25.7,575
609.0,28.0,977.19,310.88,25.72,575
610.0,28.01,977.23,310.5,25.73,575
611.0,28.02,977.27,310.19,26.02,576
612.0,28.02,977.21,310.67,25.93,576
613.0,28.01,977.15,311.22,26.02,576
614.0,28.01,977.29,310.02,25.75,576
615.0,28.01,977.19,310.81,25.66,576
616.0,28.0,977.21,310.57,26.01,576
617.0,28.0,977.24,310.4,25.75,576
618.0,28.01,977.25,310.33,25.85,576
619.0,28.0,977.21,310.71,25.59,576
620.0,28.0,977.13,311.36,25.76,576
621.0,28.0,977.24,310.4,26.08,576
622.0,28.01,977.17,311.05,25.65,576
623.0,28.01,977.28,310.09,25.73,576
624.0,28.0,977.19,310.88,25.91,576
625.0,28.0,977.19,310.88,26.33,576
626.0,28.01,977.2,310.74,25.69,576
627.0,28.0,977.19,310.88,26.12,576
628.0,28.0,977.21,311.22,25.83,576
629.0,28.02,977.22,310.6,25.7,576
630.0,28.01,977.23,310.5,25.67,576
631.0,28.01,977.22,310.81,25.66,576
632.0,28.01,977.26,310.26,25.64,576
633.0,28.01,977.2,310.74,25.72,576
634.0,28.0,977.19,310.88,26.13,576
635.0,28.01,977.17,310.98,25.69,576
636.0,28.01,977.12,311.45,25.7,576
637.0,28.0,977.13,311.36,25.44,576
638.0,28.01,977.19,310.74,25.91,576
639.0,28.0,977.24,310.4,25.66,576
640.0,28.01,977.26,310.26,25.03,576
641.0,28.0,977.19,310.88,25.93,576
642.0,28.0,977.21,310.71,25.67,572
643.0,28.0,977.13,311.36,25.71,572
644.0,28.01,977.15,311.22,25.39,572
645.0,28.02,977.2,310.74,25.35,572
646.0,28.02,977.19,310.84,25.67,572
647.0,28.01,977.2,310.74,25.81,572
648.0,28.03,977.16,311.08,25.49,572
649.0,28.02,977.16,311.08,25.61,572
650.0,28.03,977.26,310.46,25.76,572
651.0,28.02,977.13,311.32,25.61,572
652.0,28.03,977.28,310.05,25.59,572
653.0,28.02,977.11,311.56,25.18,572
654.0,28.04,977.11,311.56,25.58,572
655.0,28.03,977.14,311.25,25.59,572
656.0,28.03,977.15,311.18,25.48,572
657.0,28.03,977.15,310.94,25.61,572
658.0,28.03,977.15,311.18,25.69,572
659.0,28.02,977.19,310.84,25.71,572
660.0,28.03,977.18,310.94,25.88,572
661.0,28.03,977.12,311.42,25.69,572
662.0,28.03,977.18,310.94,25.65,572
663.0,28.03,977.15,311.42,25.6,572
664.0,28.03,977.12,311.42,25.75,572
665.0,28.04,977.17,311.04,25.62,572
666.0,28.03,977.18,310.94,25.82,572
667.0,28.03,977.15,311.11,25.37,572
668.0,28.03,977.21,310.7,25.6,572
669.0,28.03,977.25,310.29,25.58,572
670.0,28.03,977.18,310.7,25.7,572
671.0,28.04,977.3,309.91,25.62,572
672.0,28.04,977.21,310.63,25.57,572
673.0,28.05,977.16,311.14,25.72,571
674.0,28.04,977.19,310.8,25.37,571
675.0,28.04,977.19,311.14,25.52,571
676.0,28.05,977.26,310.26,25.53,571
677.0,28.05,977.16,311.14,25.53,571
678.0,28.03,977.15,311.18,25.5,571
679.0,28.03,977.19,310.87,25.63,571
680.0,28.04,977.14,311.28,25.55,571
681.0,28.03,977.12,311.42,25.73,571
682.0,28.03,977.12,311.28,25.79,571
683.0,28.04,977.14,311.28,25.53,571
684.0,28.06,977.11,311.55,25.53,571
685.0,28.05,977.1,311.14,25.88,571
686.0,28.05,977.16,311.14,25.71,571
687.0,28.06,977.22,310.59,25.56,571
688.0,28.05,977.16,311.38,26.09,571
689.0,28.05,977.18,310.93,25.58,571
690.0,28.04,977.19,310.8,25.6,571
691.0,28.03,977.12,311.42,25.78,571
692.0,28.06,977.16,311.14,25.66,571
693.0,28.04,977.16,311.11,25.62,571
694.0,28.06,977.16,311.07,25.99,571
695.0,28.03,977.12,311.35,25.71,571
696.0,28.03,977.12,311.42,25.65,571
697.0,28.03,977.23,310.53,25.67,571
698.0,28.03,977.12,310.46,25.48,571
699.0,28.02,977.18,310.94,25.72,571
700.0,28.03,977.18,310.94,25.69,571
701.0,28.03,977.15,311.18,25.47,571
702.0,28.02,977.21,310.6,26.18,571
703.0,28.02,977.11,311.56,25.75,571
704.0,28.02,977.16,311.08,25.72,579
705.0,28.02,977.15,311.15,25.73,579
706.0,28.02,977.16,311.08,26.14,579
707.0,28.01,977.15,311.22,25.76,579
708.0,28.0,977.16,311.12,25.74,579
709.0,28.01,977.23,310.5,26.44,579
710.0,28.01,977.23,310.5,25.51,579
711.0,28.01,977.11,311.53,25.72,579
712.0,28.01,977.17,310.74,26.37,579
713.0,28.01,977.13,311.39,25.51,579
714.0,28.0,977.19,310.88,25.71,579
715.0,28.0,977.13,311.36,25.88,579
716.0,28.02,977.13,311.36,25.48,579
717.0,28.01,977.2,310.74,25.74,579
718.0,28.0,977.24,310.4,25.79,579
719.0,28.0,977.13,310.88,25.78,579
720.0,27.99,977.09,311.73,25.94,579
721.0,28.0,977.18,310.95,25.91,579
722.0,28.0,977.18,310.95,26.3,579
723.0,27.99,977.09,311.02,25.24,579
724.0,28.0,977.19,310.88,25.77,579
725.0,28.0,977.18,310.95,25.78,579
726.0,28.0,977.24,310.88,25.96,579
727.0,28.0,977.14,311.25,25.76,579
728.0,28.0,977.13,311.36,25.75,579
729.0,28.0,977.24,310.4,25.39,579
730.0,28.0,977.19,310.74,25.57,579
731.0,28.0,977.24,310.4,25.72,579
732.0,28.0,977.07,311.83,26.31,579
733.0,28.0,977.24,311.83,26.56,579
734.0,28.01,977.14,311.29,25.69,579
735.0,28.01,977.15,311.22,25.7,584
736.0,28.0,977.15,311.19,25.7,584
737.0,28.0,977.19,310.88,25.35,584
738.0,27.99,977.11,311.42,25.87,584
739.0,28.0,977.13,311.36,25.73,584
740.0,28.0,977.1,311.6,25.74,584
741.0,27.99,977.14,311.12,25.49,584
742.0,27.99,977.17,311.02,25.74,584
743.0,27.99,977.09,311.73,25.73,584
744.0,27.99,977.17,311.73,25.25,584
745.0,28.0,977.13,311.36,25.76,584
746.0,28.0,977.19,310.88,25.73,584
747.0,28.0,977.16,311.36,25.87,584
748.0,28.0,977.19,310.88,25.73,584
749.0,28.0,977.1,311.6,25.71,584
750.0,28.01,977.15,311.22,26.26,584
751.0,28.01,977.17,311.36,25.56,584
752.0,28.0,977.13,311.36,25.66,584
753.0,27.99,977.11,311.49,25.66,584
754.0,27.99,977.11,311.49,26.33,584
755.0,28.0,977.17,310.98,25.81,584
756.0,28.0,977.1,311.6,25.99,584
757.0,27.99,977.09,311.02,26.34,584
758.0,28.0,977.15,311.19,26.08,584
759.0,27.99,977.17,311.02,25.9,584
760.0,27.98,977.05,312.04,26.43,584
761.0,28.0,977.19,311.83,25.77,584
762.0,27.99,977.11,311.49,25.8,584
763.0,28.0,977.13,311.36,25.77,584
764.0,27.99,977.06,311.73,25.52,584
765.0,27.99,977.2,310.78,25.91,584
766.0,28.0,977.19,310.88,25.77,584
767.0,28.0,977.12,311.42,25.79,584
768.0,28.0,977.12,311.42,26.15,584
769.0,27.99,977.11,311.49,25.6,584
770.0,27.98,977.13,311.33,25.79,584
771.0,27.99,977.06,311.97,25.78,584
772.0,27.99,977.14,311.02,25.16,584
773.0,27.99,977.17,311.02,25.72,584
774.0,28.0,977.21,310.71,25.78,584
775.0,27.99,977.23,310.54,26.05,584
776.0,27.99,977.11,311.49,25.88,584
777.0,27.98,977.21,310.68,25.79,584
778.0,27.97,977.15,311.22,25.54,584
779.0,27.98,977.1,311.63,25.73,584
780.0,27.97,977.26,310.27,25.78,584
781.0,27.98,977.21,310.44,26.09,584
782.0,27.96,977.13,311.36,25.81,584
783.0,27.96,977.15,311.19,25.81,584
784.0,27.95,977.14,311.02,26.47,584
785.0,27.96,977.12,311.43,25.7,584
786.0,27.95,977.17,311.02,25.83,584
787.0,27.94,977.15,310.92,26.28,584
788.0,27.96,977.17,311.02,26.05,584
789.0,27.96,977.19,310.88,25.82,584
790.0,27.95,977.22,310.61,25.93,584
791.0,27.95,977.23,310.48,25.56,584
792.0,27.95,977.17,311.02,25.82,584
793.0,27.95,977.16,311.09,25.1,584
794.0,27.96,977.23,310.48,25.75,584
795.0,27.95,977.16,311.09,25.81,584
796.0,27.96,977.18,310.95,25.81,584
797.0,27.95,977.22,310.61,25.8,580
798.0,27.96,977.23,310.48,26.12,580
799.0,27.95,977.19,310.85,25.5,580
800.0,27.94,977.21,310.69,25.82,580
801.0,27.95,977.16,311.09,26.74,580
802.0,27.96,977.16,311.09,25.52,580
803.0,27.94,977.15,311.16,25.82,580
804.0,27.96,977.15,311.19,25.58,580
805.0,27.96,977.18,311.09,25.52,580
806.0,27.97,977.14,311.29,25.82,580
807.0,27.96,977.19,310.88,25.81,580
808.0,27.96,977.1,311.6,26.27,580
809.0,27.97,977.17,311.05,25.82,580
810.0,27.96,977.21,310.71,25.83,580
811.0,27.97,977.19,310.81,26.31,580
812.0,27.96,977.21,310.85,25.78,580
813.0,27.96,977.18,310.95,25.83,580
814.0,27.96,977.15,311.19,25.52,580
815.0,27.95,977.16,311.02,25.68,580
816.0,27.94,977.15,311.16,25.85,580
817.0,27.95,977.19,310.85,25.04,580
818.0,27.96,977.21,310.65,25.87,580
819.0,27.95,977.2,310.78,25.82,580
820.0,27.96,977.12,311.43,26.36,580
821.0,27.95,977.16,311.02,25.87,580
822.0,27.96,977.15,311.19,25.81,580
823.0,27.95,977.16,311.09,25.3,580
824.0,27.95,977.22,310.78,26.18,580
825.0,27.96,977.18,310.95,25.8,580
826.0,27.96,977.18,310.95,25.35,580
827.0,27.97,977.25,310.27,25.91,580
828.0,27.96,977.23,310.48,25.79,580
829.0,27.96,977.21,310.71,25.8,580
830.0,27.96,977.23,310.48,26.04,580
831.0,27.95,977.2,311.02,25.77,580
832.0,27.96,977.05,312.08,25.84,580
833.0,27.97,977.17,311.05,25.8,580
834.0,27.96,977.18,310.95,25.0,580
835.0,27.97,977.28,310.1,25.79,580
836.0,27.96,977.24,310.41,25.76,580
837.0,27.97,977.25,310.34,25.81,580
838.0,27.95,977.19,310.85,25.48,580
839.0,27.94,977.15,311.16,25.76,580
840.0,27.94,977.14,311.23,25.76,580
841.0,27.94,977.26,310.28,25.89,580
842.0,27.93,977.22,310.58,25.79,580
843.0,27.93,977.24,310.41,25.81,580
844.0,27.93,977.19,310.89,26.2,580
845.0,27.93,977.18,310.89,25.73,580
846.0,27.91,977.16,311.1,25.81,580
847.0,27.92,977.2,310.79,26.5,580
848.0,27.93,977.18,310.89,25.94,580
849.0,27.92,977.22,310.55,25.8,580
850.0,27.93,977.18,310.89,25.83,580
851.0,27.93,977.16,311.13,26.01,580
852.0,27.94,977.14,311.23,25.78,580
853.0,27.94,977.21,310.69,26.4,580
854.0,27.94,977.19,310.82,25.91,580
855.0,27.94,977.15,311.16,25.8,580
856.0,27.95,977.16,310.61,25.79,580
857.0,27.95,977.22,310.61,25.84,580
858.0,27.95,977.22,310.61,25.79,580
859.0,27.95,977.24,310.37,26.13,574
